0000,21584
0001,21167
0002,24375
0003,24333
0004,78917
0005,22625
0006,21625
0007,60666
0008,39584
0009,52083
0010,45626
0011,16584
0012,29333
0013,20000
0014,21667
0015,25792
0016,20833
0017,18792
0018,19917
0019,29417
0020,22542
0021,51542
0022,49917
0023,40291
0024,23583
0025,21875
0026,31250
0027,55083
0028,42417
0029,55458
0030,44875
0031,49667
0032,19625
0033,21875
0034,28375
0035,66542
0036,21250
0037,17042
0038,42875
0039,20876
0040,30792
0041,46417
0042,32041
0043,30666
0044,27875
0045,34375
0046,26333
0047,22958
0048,20000
0049,38834
0050,31542
0051,54959
0052,19334
0053,51500
0054,65250
0055,21959
0056,22375
0057,51958
0058,22833
0059,50542
0060,22375
0061,22792
0062,20500
0063,24000
0064,19792
0065,29750
0066,30708
0067,23917
0068,20125
0069,48792
0070,22209
0071,45875
0072,17833
0073,20791
0074,23875
0075,44958
0076,24250
0077,19458
0078,49000
0079,16833
0080,22250
0081,20625
0082,53083
0083,31333
0084,26000
0085,67500
0086,20000
0087,48250
0088,31625
0089,32750
0090,75166
0091,25208
0092,49375
0093,26708
0094,62167
0095,20542
0096,19875
0097,20667
0098,46875
0099,49167
0100,47959
0101,55166
0102,23125
0103,55042
0104,54875
0105,66625
0106,21583
0107,29917
0108,43250
0109,28750
0110,19500
0111,38042
0112,60626
0113,22083
0114,21333
0115,26750
0116,61625
0117,31459
0118,141209
0119,45667
0120,34500
0121,50167
0122,52584
0123,24958
0124,18751
0125,25750
0126,25958
0127,21792
0128,106333
0129,54750
0130,33375
0131,21500
0132,25334
0133,22333
0134,25084
0135,19750
0136,18875
0137,46333
0138,23375
0139,44875
0140,52625
0141,18458
0142,28875
0143,23167
0144,21166
0145,52334
0146,49208
0147,48292
0148,20208
0149,45458
0150,29250
0151,21375
0152,43167
0153,44458
0154,29417
0155,25667
0156,47250
0157,25291
0158,45750
0159,17417
0160,18625
0161,18917
0162,18458
0163,23833
0164,18208
0165,22834
0166,19751
0167,27083
0168,48834
0169,21125
0170,17167
0171,14750
0172,27500
0173,40792
0174,24417
0175,65375
0176,21458
0177,44958
0178,49333
0179,21834
0180,42250
0181,50000
0182,37625
0183,29958
0184,17751
0185,60417
0186,21083
0187,26042
0188,23458
0189,42375
0190,26583
0191,23583
0192,46292
0193,18250
0194,20250
0195,65209
0196,43334
0197,36875
0198,28167
0199,33000
0200,51083
0201,50292
0202,19334
0203,54500
0204,20667
0205,21125
0206,21042
0207,20208
0208,49541
0209,25917
0210,18208
0211,50333
0212,41917
0213,20875
0214,49667
0215,59500
0216,111917
0217,21917
0218,97958
0219,26041
0220,51250
0221,51917
0222,38417
0223,44250
0224,20000
0225,47500
0226,56416
0227,20708
0228,16000
0229,49792
0230,19667
0231,18958
0232,20042
0233,19208
0234,49417
0235,20541
0236,19000
0237,26167
0238,18333
0239,44375
0240,17500
0241,20417
0242,21708
0243,22875
0244,37500
0245,55833
0246,29209
0247,27667
0248,26500
0249,20166
0250,20042
0251,40583
0252,29500
0253,23209
0254,55084
0255,22541
0256,23500
0257,24709
0258,23542
0259,17875
0260,24041
0261,55709
0262,20875
0263,27625
0264,22167
0265,24876
0266,30083
0267,17834
0268,21750
0269,43625
0270,51291
0271,21375
0272,23958
0273,29583
0274,43750
0275,48583
0276,23917
0277,19333
0278,29708
0279,46459
0280,47833
0281,22833
0282,31792
0283,45500
0284,40416
0285,53041
0286,49375
0287,19542
0288,21041
0289,14333
0290,42959
0291,23500
0292,26917
0293,33000
0294,19417
0295,35250
0296,27375
0297,26791
0298,36375
0299,21541