0000,515003
0001,612754
0002,459586
0003,615420
0004,664504
0005,728171
0006,591629
0007,810338
0008,632004
0009,528794
0010,766338
0011,518295
0012,602712
0013,563753
0014,658671
0015,531044
0016,584086
0017,621712
0018,562337
0019,500712
0020,685504
0021,163168
0022,531379
0023,661670
0024,607045
0025,531712
0026,600004
0027,430336
0028,224835
0029,1052298
0030,670879
0031,666171
0032,584379
0033,767171
0034,599296
0035,953006
0036,570586
0037,589337
0038,1363633
0039,265210
0040,583462
0041,246418
0042,805005
0043,838338
0044,186376
0045,307626
0046,683420
0047,287835
0048,835714
0049,1259590
0050,512044
0051,531795
0052,1265799
0053,1061923
0054,544253
0055,646879
0056,544962
0057,492211
0058,583295
0059,619503
0060,3362229
0061,590254
0062,588879
0063,207293
0064,222585
0065,8873886
0066,515586
0067,1728344
0068,576961
0069,542962
0070,756838
0071,526378
0072,660628
0073,594212
0074,773254
0075,608670
0076,612253
0077,640545
0078,487169
0079,772212
0080,580628
0081,205835
0082,385419
0083,347418
0084,1517633
0085,593753
0086,589545
0087,657254
0088,802671
0089,990089
0090,670879
0091,639545
0092,544169
0093,558003
0094,203793
0095,422585
0096,616837
0097,606295
0098,546086
0099,245751
0100,404711
0101,608670
0102,625711
0103,623212
0104,655712
0105,303376
0106,715087
0107,625336
0108,310460
0109,569586
0110,939297
0111,535670
0112,583919
0113,2780015
0114,618253
0115,336544
0116,261168
0117,349794
0118,947130
0119,541503
0120,452627
0121,4227606
0122,788838
0123,568253
0124,527669
0125,1164965
0126,380752
0127,714921
0128,410919
0129,462461
0130,633129
0131,256626
0132,492878
0133,1010422
0134,572462
0135,425044
0136,665837
0137,487336
0138,905380
0139,647128
0140,734462
0141,272293
0142,522961
0143,874380
0144,932088
0145,794463
0146,243085
0147,549420
0148,322418
0149,678003
0150,401002
0151,581795
0152,588711
0153,653086
0154,564878
0155,317251
0156,921588
0157,984881
0158,558795
0159,222959
0160,411502
0161,586836
0162,358461
0163,357419
0164,646170
0165,541420
0166,213126
0167,367544
0168,254376
0169,305251
0170,314710
0171,313127
0172,594836
0173,343627
0174,592253
0175,899879
0176,289169
0177,454086
0178,621670
0179,669961
0180,624545
0181,330127
0182,233292
0183,412211
0184,591628
0185,537378
0186,236710
0187,492711
0188,4005938
0189,545128
0190,934963
0191,596836
0192,572545
0193,572420
0194,594962
0195,556211
0196,341460
0197,431294
0198,647254
0199,535086
0200,316835
0201,251751
0202,675170
0203,311251
0204,180876
0205,272001
0206,174459
0207,225960
0208,296627
0209,294085
0210,206960
0211,197418
0212,205709
0213,329169
0214,259959
0215,264752
0216,300085
0217,230209
0218,504294
0219,337668
0220,567670
0221,236877
0222,240502
0223,252460
0224,351001
0225,282084
0226,248794
0227,267376
0228,174626
0229,588087
0230,527128
0231,187502
0232,391169
0233,248626
0234,524336
0235,270418
0236,1855135
0237,276294
0238,258251
0239,318960
0240,288919
0241,616045
0242,584212
0243,553962
0244,583545
0245,590461
0246,621503
0247,690670
0248,204585
0249,358169
0250,496711
0251,634212
0252,603503
0253,9619802
0254,325710
0255,548378
0256,414294
0257,641254
0258,590836
0259,303335
0260,315710
0261,325794
0262,553461
0263,557753
0264,333252
0265,663671
0266,534211
0267,258210
0268,605128
0269,247043
0270,246668
0271,453419
0272,273043
0273,276960
0274,284668
0275,266876
0276,240793
0277,335751
0278,186501
0279,295835
0280,363169
0281,361169
0282,418628
0283,245918
0284,171918
0285,288960
0286,175667
0287,366293
0288,1276673
0289,190960
0290,224126
0291,239543
0292,276460
0293,292585
0294,285001
0295,258043
0296,253627
0297,245418
0298,319169
0299,321419