40169717946956,247087
40169718100750,63417
40169943815218,288212
40169944625061,74251
40170145268491,57917
40170145309033,20584
40170346736682,91960
40170346802849,32334
40170692449477,191836
40170703135701,27333
40170911765736,74376
40170911804486,22125
40171160300087,74001
40171160624508,24584
40171378552665,116835
40171382163379,78667
40171616300665,258836
40171616493251,127293
40171836722064,84959
40171836772022,19750
40172041322254,66626
40172041615591,22876
40172261967113,77876
40172261985988,33333
40172478671379,113918
40172484180285,49959
40172689914114,162252
40172689962490,26376
40172909650129,165377
40172910408722,43126
40173166587673,64834
40173166844135,36333
40173372495547,167794
40173372568007,41792
40173590916877,173335
40173591419717,461631
40173828675503,145752
40173830391734,43584
40174032927481,109918
40174033389737,35959
40174241109301,391755
40174311352516,124126
40174551503090,198378
40174551598842,51334
40174759187571,68834
40174759518242,22167
40174982067501,123919
40174982139377,26792
40175195317388,128168
40175195404140,43084
40175420597892,4912314
40175421549571,795219
40175684291151,133293
40175690745069,53709
40175892256427,84792
40175892736350,28876
40176114905521,210752
40176118457609,2016651
40176326566137,124835
40176334349239,62126
40176552863446,74126
40176555309936,105252
40176758280521,109085
40176758781070,29667
40176961253773,116501
40176962831878,49126
40177183555780,125418
40177187032784,90335
40177435078045,179544
40177435741804,53626
40177649729409,128585
40177649729409,54042
40177863215174,118960
40177863681305,59042
40178095939359,342463
40178097553005,100668
40178394409116,57626
40178394365241,190335
40178616471244,562508
40178644503363,791010
40178903110555,82918
40178903154389,25500
40179111852008,427839
40179111977134,65750
40179332352532,104626
40179332403407,29876
40179613414394,298587
40179640971714,77209
40179881658337,454715
40179881723713,99793
40180178888495,674759
40180178978038,51167
40180387048690,471882
40180387133775,47501
40180592074053,102418
40180594718129,43501
40180848723802,252753
40180875413528,93293
40181087503108,4928314
40181109685983,76585
40181394547645,148710
40181395257488,41667
40181628534430,64751
40181629312732,32417
40181831556932,125627
40181831622683,37750
40182036354792,984597
40182037054801,641508
40182243456681,110126
40182243930521,30292
40182456879696,253795
40182457018031,76042
40182669765245,141460
40182669851371,45918
40182912569520,90251
40182912631188,35584
40183129769793,72168
40183132017322,949345
40183353668820,241170
40183354335620,55542
40183561740972,50209
40183561655138,153502
40183775350281,140293
40183775447032,46458
40184023179456,237170
40184022503530,171128
40184230811769,125418
40184230889312,44792
40184459732946,159836
40184460453789,894345
40184711356504,72043
40184713121902,32751
40184969454856,136293
40184969516898,33375
40185172172979,67501
40185172211063,20917
40185382841124,32459
40185383060835,21167
40185607342159,188919
40185625175185,132794
40185833152503,172919
40185833227296,38209
40186037691651,95126
40186038260700,32709
40186241371912,54709
40186241371745,65209
40186467673387,109585
40186467457385,143210
40186676438674,64501
40186676819804,22042
40186910163330,194003
40186910246748,39042
40187121630736,72835
40187122019532,36875
40187366441288,183669
40187366667791,54584
40187585902256,165168
40187586973979,38334
40187816257618,3254918
40187821404394,114168
40188030717730,108793
40188030779647,30292
40188348078111,77251
40188348397073,30500
40188559230929,173461
40188560588572,40458
40188789436164,101918
40188789888420,29292
40189030359831,115835
40189031712599,39334
40189246633383,62209
40189246959262,23625
40189472530103,119752
40189474161208,36917
40189708559707,63709
40189708604540,22958
40189916227687,64376
40189916679568,26459
40190130567380,119502
40190130660965,43668
40190345621666,208752
40190345718084,55751
40190571912433,66418
40190572205353,23001
40190804437615,651842
40190805975844,75710
40191038698320,115002
40191039041991,69459
40191295085399,68459
40191273900037,493715
40191499115290,69584
40191524887796,145544
40191749863629,73959
40191749922421,134418
40191962938597,270420
40191964536451,259503
40192169194100,74418
40192169237059,21917
40192370574831,53292
40192370862293,22292
40192581362144,58959
40192583764718,60210
40192803019725,135544
40192803072309,37334
40193007453913,162169
40193008230340,46000
40193223320001,123544
40193223871342,47459
40193436229634,2801537
40193439438385,91460
40193657375083,65835
40193657416292,19833
40193899223221,125460
40193901908090,92667
40194121952942,52376
40194122094318,24584
40194340412439,95292
40194340466523,28251
40194564421592,147627
40194579421206,28083
40194799603393,1984151
40194799859521,100084
40195046719100,257045
40195046835435,68501
40195281770691,188419
40195281843817,41292
40195527547297,187919
40195527617423,39959
40195792258236,87709
40195792529864,35583
40196026419315,107043
40196026479899,28667
40196273662107,104627
40196273672440,42126
40196495554608,1080723
40196499299990,135669
40196713193969,69500
40196713476640,23625
40196951968317,1930401
40196957101551,173002
40197187696416,127335
40197193448408,72334
40197429352677,288629
40197429478762,73460
40197657217048,685425
40197654114049,56085
40197865774956,150627
40197867169933,44167
40198103432331,243670
40198107209839,104835
40198347393955,29125
40198347770169,22083
40198564508810,166253
40198565806744,39167
40198772550629,123585
40198772624796,42209
40198985280092,118168
40198985542096,66543
40199193787875,67751
40199193831584,20917
40199404170391,103377
40199404228642,28459
40199609122753,50959
40199609165545,20542
40199810502484,192878
40199818139084,86459
40200021418965,217378
40200021614009,139585
40200232305821,64626
40200232702243,25001
40200444650571,73876
40200445178162,29334
40200659436979,136002
40200660745996,36084
40200931563973,167210
40200933222287,39583
40201136976632,201461
40201148339240,4239305
40201363317817,295379
40201363971284,78793
40201583674297,199503
40201583766423,47251
40201803154350,115834
40201803755607,45084
40202005384508,120043
40202005444384,28709
40202273405782,88252
40202273742037,23667
40202477270046,116752
40202477338880,36042
40202707646075,52626
40202701256949,1009888
40202966437603,61668
40202966725565,21792
40203189217698,23875
40203208278532,183627
40203459906632,160919
40203461401777,61251
40203696797372,66667
40203696833956,101835
40203942200473,1038388
40203959741621,87834
40204236959724,67542
40204237034308,23625
40204465500437,298796
40204465622189,67751
40204673993637,108585
40204674055554,29708
40204888962338,56084
40204889274717,22876
40205233772496,1550354
40205266505177,32625
40205520758103,609300
40205520873855,70751
40205726495600,69585
40205726547642,22125
40205963746719,165086
40205966617840,53792
40206181884670,43917
40206181916212,17708
40206423923644,50126
40206424266149,23375
40206654667511,126502
40206660706924,141752
40206892368220,117376
40206892882769,44126
40207125766414,209545
40207127665939,203419
40207365305313,37959
40207365114602,94834
40207581370571,128044
40207600880452,147543
40207815647484,182752
40207822179862,91001
40208039301675,128335
40208039855515,34667
40208275525572,124627
40208275731658,54084
40208510055448,191919
40208512346561,37792
40208770476997,125585
40208770571123,45751
40209000207475,104959
40209003047638,36876
40209230125082,175419
40209230748256,53126
40209466737068,149752
40209468584092,47584
40209727487037,60584
40209727814708,23292
40209934316715,172335
40209941536893,42792
40210161986250,135585
40210168319875,45958
40210392368654,135335
40210394256804,43709
40210682792806,311712
40210685022585,89376
40210904812433,153085
40210904891434,45667
40211106347583,137335
40211106413126,36959
40211307283975,101959
40211307758648,33875
40211514206071,182878
40211514296989,50501
40211739564700,70084
40211739608493,20917
40211991261926,132711
40211995805986,52000
40212201551858,59959
40212202394202,34667
40212404493901,50334
40212404539318,23917
40212609625306,125210
40212609686349,31376
40212863568604,3800425
40212875161173,315005
40213077523500,36500
40213077775295,23500
40213312219127,216878
40213312356546,82917
40213547254218,216919
40213548082937,95751
40213789411318,85792
40213789453110,21917
40214025884302,329963
40214030338819,103585
40214248138433,71626
40214248426436,24959
40214477286987,162210
40214478134873,40084
40214697366756,38584
40214697486341,18751
40214930541488,51584
40214930985202,33417
40215154808770,44584
40215154844937,19167
40215366410302,170461
40215366531179,49792
40215604574684,121085
40215604632309,34584
40215809124915,164252
40215808696701,99418
40216037915881,104960
40216038531556,37375
40216314460934,182628
40216315283070,56376
40216538878051,287254
40216544036244,105377
40216763010665,72376
40216763322835,24542
40216992395930,145127
40216993879908,44084
40217225653164,131376
40217227017474,65668
40217478993745,374213
40217484550943,101668
40217719659701,66001
40217719702951,23042
40217935928086,109001
40217937993071,45000
40218140516651,62250
40218140516692,57875
40218358153054,102876
40218358197138,24917
40218600159402,303587
40218600293113,68917
40218873317952,415006
40218873052990,178294
40219095841253,124252
40219096430136,39667
40219301079285,64085
40219301350080,23875
40219533198212,114709
40219533835553,41125
40219743156514,67293
40219743477393,26417
40219944079489,25542
40219944105697,14209
40220145070798,27959
40220145095382,13709
40220364669810,68918
40220364642185,139836
40220579348425,93251
40220579406925,30709
40220782702932,73043
40220782751599,26250
40220992935696,74543
40220993248075,22667
40221199445786,114085
40221206860758,46584
40221419358677,76667
40221419404803,22792
40221637699173,118460
40221637765840,34709
40221902704532,111043
40221902768408,32626
40222124103485,118335
40222124179902,29750
40222356830545,126460
40222356908004,44501
40222569779011,151836
40222570566313,32625
40222790020365,155919
40222790100866,41459
40223005690492,74876
40223005840536,30792
40223230464573,26792
40223230818036,20750
40223451074015,74959
40223451407436,24625
40223668215953,105918
40223668671292,27125
40223895217563,183252
40223896301619,43043
40224117775281,80585
40224118442664,28334
40224332330852,73334
40224332788024,25376
40224570675610,148460
40224571305535,44126
40224801662106,66501
40224801810357,32583
40225041306881,146336
40225086296931,60209
40225311402308,31584
40225311327182,70959
40225536949648,3239209
40225533779606,37042
40225754769220,7554975
40225757421213,2036110
40225998427590,151210
40226000091779,46751
40226210638422,144918
40226222614871,45251
40226437355820,106959
40226437743908,28042
40226659190986,142627
40226661031552,1965318
40226896842361,187919
40226900911915,506131
40227111921522,66500
40227116397289,82126
40227352092305,73126
40227353078860,31959
40227563844047,154002
40227565483527,44751
40227792925934,119877
40227793815404,52375
40228012681574,109543
40228013177580,30167
40228277593307,6494752
40228277688391,50917
40228488980794,142293
40228491304325,48917
40228699282476,68709