4317408180194,147043
4317609148594,100376
4317810279246,134960
4318011956945,120335
4318213376058,90959
4318414170456,92959
4318615475735,85376
4318819088120,67459
4319020560151,60834
4319221305632,69584
4319424068800,31958
4319629202410,72917
4319830341853,249461
4320032378014,87292
4320233253288,105418
4320438526024,205543
4320641373819,153085
4320842259593,83959
4321045620184,98292
4321250370165,82668
4321457163625,99793
4321659148035,113168
4321860614941,82960
4322066114346,4095959
4322267072412,44751
4322468137563,94251
4322669266298,105626
4322872223094,119418
4323078294130,55709
4323281117007,86209
4323482055782,36709
4323684102651,83126
4323886199271,90710
4324087346548,41000
4324288108654,74250
4324493076679,46501
4324695086923,43750
4324897107042,79876
4325099087369,44417
4325300062686,36542
4325502070680,39500
4325704160884,62376
4325905594330,52709
4326110110642,88709
4326311076292,53000
4326512090484,39959
4326713625348,69668
4326914217036,77501
4327115123060,80959
4327317208014,89209
4327519689721,63126
4327721182626,135293
4327927086577,41917
4328134115706,92792
4328335117648,98793
4328538132694,100292
4328744154688,89084
4328946878856,92543
4329151131290,87418
4329352136940,116959
4329554104601,61084
4329756219221,115001
4329958564010,96668
4330161212011,96668
4330363746510,45459
4330565274708,157001
4330768795967,43167
4330975144756,68793
4331177151959,111251
4331378167401,77709
4331584124269,89750
4331785913427,96293
4331990515906,32417
4332194655381,121085
4332401109004,124960
4332602303365,118335
4332809104241,75459
4333010368769,117917
4333215118875,59209
4333416111109,41000
4333617240594,142627
4333819562883,106335
4334021112080,91167
4334222181523,74167
4334426075120,54917
4334627363315,82792
4334828129088,93084
4335029099071,35417
4335230113847,45168
4335432295843,120460
4335635149221,104001
4335837136256,109626
4336038223991,99418
4336242162046,103168
4336447110821,62209
4336648292598,99835
4336849125080,78584
4337050212398,78750
4337251183340,106793
4337454197927,80459
4337655396996,108334
4337857616534,93084
4338059248483,158501
4338262150153,100584
4338463999770,105501
4338665132255,92043
4338866478159,95334
4339068109900,86210
4339271140196,95584
4339473159273,76250
4339674943140,98959
4339879798955,43125
4340082193870,111501
4340284108488,127335
4340489594435,142626
4340691140007,102334
4340895201564,97709
4341097145141,79959
4341298090207,70917
4341499139275,91459
4341701137435,1005427
4341903627476,100085
4342106912025,96543
4342313143854,103168
4342514220047,109335
4342715226948,207752
4342916141139,80084
4343119125143,1991396
4343320198961,104293
4343521094277,73209
4343730113384,97126
4343933068847,70000
4344140163893,6029062
4344341197377,160127
4344545177850,116917
4344747239219,67709
4344948564331,49459
4345152587013,32959
4345353164034,76209
4345554145768,105792
4345755184210,112085
4345956184819,103376
4346157336429,239753
4346358128077,80251
4346559090019,68459
4346760864052,65668
4346961321780,147835
4347163241857,48292
4347365208017,49584
4347567123969,30250
4347768335705,217294
4347969403189,101584
4348170108961,57751
4348371608033,65875
4348573963364,65667
4348779173891,56667
4348983097572,2981072
4349184231765,51334
4349392140487,51542
4349593135262,59876
4349797224778,119209
4350000122073,66667
4350201568061,76167
4350404622482,85376
4350606196722,75751
4350807179080,117959
4351017171948,130210
4351219223485,35167
4351420655389,142626
4351621405537,75418
4351823980370,55834
4352025801363,79251
4352230373508,97835
4352439086654,69209
4352640264182,117210
4352841215415,48167
4353042204107,111959
4353243147882,78834
4353444347909,123168
4353647226287,89168
4353850177624,2139772
4354051358943,269252
4354253212644,52168
4354455155596,1131803
4354657210174,146877
4354858190115,77751
4355059120265,83793
4355264415418,106334
4355466386953,96126
4355667747066,80334
4355873241387,75751
4356077124234,92085
4356278155093,112835
4356482130899,1849977
4356685182029,67542
4356886154471,127709
4357088749221,101626
4357291642141,103292
4357493252297,111835
4357699134123,96460
4357900167107,96959
4358109175090,3947416
4358310137615,93001
4358511131098,87542
4358712207291,157543
4358914245619,50543
4359115073184,55667
4359320134793,50168
4359521193527,122960
4359728115989,89168
4359930713614,109168
4360133133112,98501
4360334389182,101585
4360536156715,102168
4360737403868,105209
4360939142443,111085
4361140140468,100959
4361342139920,88543
4361546139060,98418
4361748118512,38542
4361949179996,95584
4362154107854,1249554
4362355262256,123084
4362556140405,102543
4362757320474,87167
4362958211331,107001
4363165119584,86459
4363367887419,96668
4363575127384,94917
4363777212462,82168
4363978159820,83501
4364179317181,37875
4364382024557,52168
4364588112510,52084
4364789202994,38667
4364993206384,84418
4365195162877,49834
4365400104277,80709
4365602070437,47500
4365804208182,94126
4366005301834,108668
4366207295619,1057135
4366408309353,144918
4366609165252,115543
4366811194913,117918
4367013408743,136418
4367215119817,55209
4367416110426,88876
4367622131919,97043
4367831150111,83376
4368033576151,73709
4368235780313,38708
4368436680921,143585
4368641160066,138377
4368843632106,104251
4369046957030,177251
4369249267528,61084
4369452303282,37543
4369655923335,62667
4369857937329,32959
4370060796040,39375
4370264166298,49001
4370466183667,85751
4370667789490,241544
4370869104811,40917
4371070175337,133043
4371271254780,53125
4371472116012,76542
4371673087245,34417
4371874109188,41084
4372075505634,102543
4372278527097,59709
4372479075826,44542
4372685176820,145626
4372887207606,128126
4373088434592,72460
4373289103156,50959
4373490330559,36626
4373692200885,132377
4373897090283,4007458
4374098110142,41334
4374299547589,65000
4374500289862,75084
4374702089895,42876
4374908218598,47751
4375109598836,76209
4375312303170,34167
4375513327613,184752
4375720063822,46542
4375921146848,68251
4376127157675,70709
4376333074085,32750
4376535357373,52042
4376744111937,58417
4376946144598,118377
4377151169456,107626
4377358151626,95792
4377560148079,85168
4377761137896,90293
4377965057284,73918
4317408180194,147043
4317609148594,100376
4317810279246,134960
4318011956945,120335
4318213376058,90959
4318414170456,92959
4318615475735,85376
4318819088120,67459
4319020560151,60834
4319221305632,69584
4319424068800,31958
4319629202410,72917
4319830341853,249461
4320032378014,87292
4320233253288,105418
4320438526024,205543
4320641373819,153085
4320842259593,83959
4321045620184,98292
4321250370165,82668
4321457163625,99793
4321659148035,113168
4321860614941,82960
4322066114346,4095959
4322267072412,44751
4322468137563,94251
4322669266298,105626
4322872223094,119418
4323078294130,55709
4323281117007,86209
4323482055782,36709
4323684102651,83126
4323886199271,90710
4324087346548,41000
4324288108654,74250
4324493076679,46501
4324695086923,43750
4324897107042,79876
4325099087369,44417
4325300062686,36542
4325502070680,39500
4325704160884,62376
4325905594330,52709
4326110110642,88709
4326311076292,53000
4326512090484,39959
4326713625348,69668
4326914217036,77501
4327115123060,80959
4327317208014,89209
4327519689721,63126
4327721182626,135293
4327927086577,41917
4328134115706,92792
4328335117648,98793
4328538132694,100292
4328744154688,89084
4328946878856,92543
4329151131290,87418
4329352136940,116959
4329554104601,61084
4329756219221,115001
4329958564010,96668
4330161212011,96668
4330363746510,45459
4330565274708,157001
4330768795967,43167
4330975144756,68793
4331177151959,111251
4331378167401,77709
4331584124269,89750
4331785913427,96293
4331990515906,32417
4332194655381,121085
4332401109004,124960
4332602303365,118335
4332809104241,75459
4333010368769,117917
4333215118875,59209
4333416111109,41000
4333617240594,142627
4333819562883,106335
4334021112080,91167
4334222181523,74167
4334426075120,54917
4334627363315,82792
4334828129088,93084
4335029099071,35417
4335230113847,45168
4335432295843,120460
4335635149221,104001
4335837136256,109626
4336038223991,99418
4336242162046,103168
4336447110821,62209
4336648292598,99835
4336849125080,78584
4337050212398,78750
4337251183340,106793
4337454197927,80459
4337655396996,108334
4337857616534,93084
4338059248483,158501
4338262150153,100584
4338463999770,105501
4338665132255,92043
4338866478159,95334
4339068109900,86210
4339271140196,95584
4339473159273,76250
4339674943140,98959
4339879798955,43125
4340082193870,111501
4340284108488,127335
4340489594435,142626
4340691140007,102334
4340895201564,97709
4341097145141,79959
4341298090207,70917
4341499139275,91459
4341701137435,1005427
4341903627476,100085
4342106912025,96543
4342313143854,103168
4342514220047,109335
4342715226948,207752
4342916141139,80084
4343119125143,1991396
4343320198961,104293
4343521094277,73209
4343730113384,97126
4343933068847,70000
4344140163893,6029062
4344341197377,160127
4344545177850,116917
4344747239219,67709
4344948564331,49459
4345152587013,32959
4345353164034,76209
4345554145768,105792
4345755184210,112085
4345956184819,103376
4346157336429,239753
4346358128077,80251
4346559090019,68459
4346760864052,65668
4346961321780,147835
4347163241857,48292
4347365208017,49584
4347567123969,30250
4347768335705,217294
4347969403189,101584
4348170108961,57751
4348371608033,65875
4348573963364,65667
4348779173891,56667
4348983097572,2981072
4349184231765,51334
4349392140487,51542
4349593135262,59876
4349797224778,119209
4350000122073,66667
4350201568061,76167
4350404622482,85376
4350606196722,75751
4350807179080,117959
4351017171948,130210
4351219223485,35167
4351420655389,142626
4351621405537,75418
4351823980370,55834
4352025801363,79251
4352230373508,97835
4352439086654,69209
4352640264182,117210
4352841215415,48167
4353042204107,111959
4353243147882,78834
4353444347909,123168
4353647226287,89168
4353850177624,2139772
4354051358943,269252
4354253212644,52168
4354455155596,1131803
4354657210174,146877
4354858190115,77751
4355059120265,83793
4355264415418,106334
4355466386953,96126
4355667747066,80334
4355873241387,75751
4356077124234,92085
4356278155093,112835
4356482130899,1849977
4356685182029,67542
4356886154471,127709
4357088749221,101626
4357291642141,103292
4357493252297,111835
4357699134123,96460
4357900167107,96959
4358109175090,3947416
4358310137615,93001
4358511131098,87542
4358712207291,157543
4358914245619,50543
4359115073184,55667
4359320134793,50168
4359521193527,122960
4359728115989,89168
4359930713614,109168
4360133133112,98501
4360334389182,101585
4360536156715,102168
4360737403868,105209
4360939142443,111085
4361140140468,100959
4361342139920,88543
4361546139060,98418
4361748118512,38542
4361949179996,95584
4362154107854,1249554
4362355262256,123084
4362556140405,102543
4362757320474,87167
4362958211331,107001
4363165119584,86459
4363367887419,96668
4363575127384,94917
4363777212462,82168
4363978159820,83501
4364179317181,37875
4364382024557,52168
4364588112510,52084
4364789202994,38667
4364993206384,84418
4365195162877,49834
4365400104277,80709
4365602070437,47500
4365804208182,94126
4366005301834,108668
4366207295619,1057135
4366408309353,144918
4366609165252,115543
4366811194913,117918
4367013408743,136418
4367215119817,55209
4367416110426,88876
4367622131919,97043
4367831150111,83376
4368033576151,73709
4368235780313,38708
4368436680921,143585
4368641160066,138377
4368843632106,104251
4369046957030,177251
4369249267528,61084
4369452303282,37543
4369655923335,62667
4369857937329,32959
4370060796040,39375
4370264166298,49001
4370466183667,85751
4370667789490,241544
4370869104811,40917
4371070175337,133043
4371271254780,53125
4371472116012,76542
4371673087245,34417
4371874109188,41084
4372075505634,102543
4372278527097,59709
4372479075826,44542
4372685176820,145626
4372887207606,128126
4373088434592,72460
4373289103156,50959
4373490330559,36626
4373692200885,132377
4373897090283,4007458
4374098110142,41334
4374299547589,65000
4374500289862,75084
4374702089895,42876
4374908218598,47751
4375109598836,76209
4375312303170,34167
4375513327613,184752
4375720063822,46542
4375921146848,68251
4376127157675,70709
4376333074085,32750
4376535357373,52042
4376744111937,58417
4376946144598,118377
4377151169456,107626
4377358151626,95792
4377560148079,85168
4377761137896,90293
4377965057284,73918
