4317408180194,21584
4317609148594,21167
4317810279246,24375
4318011956945,24333
4318213376058,78917
4318414170456,22625
4318615475735,21625
4318819088120,60666
4319020560151,39584
4319221305632,52083
4319424068800,45626
4319629202410,16584
4319830341853,29333
4320032378014,20000
4320233253288,21667
4320438526024,25792
4320641373819,20833
4320842259593,18792
4321045620184,19917
4321250370165,29417
4321457163625,22542
4321659148035,51542
4321860614941,49917
4322066114346,40291
4322267072412,23583
4322468137563,21875
4322669266298,31250
4322872223094,55083
4323078294130,42417
4323281117007,55458
4323482055782,44875
4323684102651,49667
4323886199271,19625
4324087346548,21875
4324288108654,28375
4324493076679,66542
4324695086923,21250
4324897107042,17042
4325099087369,42875
4325300062686,20876
4325502070680,30792
4325704160884,46417
4325905594330,32041
4326110110642,30666
4326311076292,27875
4326512090484,34375
4326713625348,26333
4326914217036,22958
4327115123060,20000
4327317208014,38834
4327519689721,31542
4327721182626,54959
4327927086577,19334
4328134115706,51500
4328335117648,65250
4328538132694,21959
4328744154688,22375
4328946878856,51958
4329151131290,22833
4329352136940,50542
4329554104601,22375
4329756219221,22792
4329958564010,20500
4330161212011,24000
4330363746510,19792
4330565274708,29750
4330768795967,30708
4330975144756,23917
4331177151959,20125
4331378167401,48792
4331584124269,22209
4331785913427,45875
4331990515906,17833
4332194655381,20791
4332401109004,23875
4332602303365,44958
4332809104241,24250
4333010368769,19458
4333215118875,49000
4333416111109,16833
4333617240594,22250
4333819562883,20625
4334021112080,53083
4334222181523,31333
4334426075120,26000
4334627363315,67500
4334828129088,20000
4335029099071,48250
4335230113847,31625
4335432295843,32750
4335635149221,75166
4335837136256,25208
4336038223991,49375
4336242162046,26708
4336447110821,62167
4336648292598,20542
4336849125080,19875
4337050212398,20667
4337251183340,46875
4337454197927,49167
4337655396996,47959
4337857616534,55166
4338059248483,23125
4338262150153,55042
4338463999770,54875
4338665132255,66625
4338866478159,21583
4339068109900,29917
4339271140196,43250
4339473159273,28750
4339674943140,19500
4339879798955,38042
4340082193870,60626
4340284108488,22083
4340489594435,21333
4340691140007,26750
4340895201564,61625
4341097145141,31459
4341298090207,141209
4341499139275,45667
4341701137435,34500
4341903627476,50167
4342106912025,52584
4342313143854,24958
4342514220047,18751
4342715226948,25750
4342916141139,25958
4343119125143,21792
4343320198961,106333
4343521094277,54750
4343730113384,33375
4343933068847,21500
4344140163893,25334
4344341197377,22333
4344545177850,25084
4344747239219,19750
4344948564331,18875
4345152587013,46333
4345353164034,23375
4345554145768,44875
4345755184210,52625
4345956184819,18458
4346157336429,28875
4346358128077,23167
4346559090019,21166
4346760864052,52334
4346961321780,49208
4347163241857,48292
4347365208017,20208
4347567123969,45458
4347768335705,29250
4347969403189,21375
4348170108961,43167
4348371608033,44458
4348573963364,29417
4348779173891,25667
4348983097572,47250
4349184231765,25291
4349392140487,45750
4349593135262,17417
4349797224778,18625
4350000122073,18917
4350201568061,18458
4350404622482,23833
4350606196722,18208
4350807179080,22834
4351017171948,19751
4351219223485,27083
4351420655389,48834
4351621405537,21125
4351823980370,17167
4352025801363,14750
4352230373508,27500
4352439086654,40792
4352640264182,24417
4352841215415,65375
4353042204107,21458
4353243147882,44958
4353444347909,49333
4353647226287,21834
4353850177624,42250
4354051358943,50000
4354253212644,37625
4354455155596,29958
4354657210174,17751
4354858190115,60417
4355059120265,21083
4355264415418,26042
4355466386953,23458
4355667747066,42375
4355873241387,26583
4356077124234,23583
4356278155093,46292
4356482130899,18250
4356685182029,20250
4356886154471,65209
4357088749221,43334
4357291642141,36875
4357493252297,28167
4357699134123,33000
4357900167107,51083
4358109175090,50292
4358310137615,19334
4358511131098,54500
4358712207291,20667
4358914245619,21125
4359115073184,21042
4359320134793,20208
4359521193527,49541
4359728115989,25917
4359930713614,18208
4360133133112,50333
4360334389182,41917
4360536156715,20875
4360737403868,49667
4360939142443,59500
4361140140468,111917
4361342139920,21917
4361546139060,97958
4361748118512,26041
4361949179996,51250
4362154107854,51917
4362355262256,38417
4362556140405,44250
4362757320474,20000
4362958211331,47500
4363165119584,56416
4363367887419,20708
4363575127384,16000
4363777212462,49792
4363978159820,19667
4364179317181,18958
4364382024557,20042
4364588112510,19208
4364789202994,49417
4364993206384,20541
4365195162877,19000
4365400104277,26167
4365602070437,18333
4365804208182,44375
4366005301834,17500
4366207295619,20417
4366408309353,21708
4366609165252,22875
4366811194913,37500
4367013408743,55833
4367215119817,29209
4367416110426,27667
4367622131919,26500
4367831150111,20166
4368033576151,20042
4368235780313,40583
4368436680921,29500
4368641160066,23209
4368843632106,55084
4369046957030,22541
4369249267528,23500
4369452303282,24709
4369655923335,23542
4369857937329,17875
4370060796040,24041
4370264166298,55709
4370466183667,20875
4370667789490,27625
4370869104811,22167
4371070175337,24876
4371271254780,30083
4371472116012,17834
4371673087245,21750
4371874109188,43625
4372075505634,51291
4372278527097,21375
4372479075826,23958
4372685176820,29583
4372887207606,43750
4373088434592,48583
4373289103156,23917
4373490330559,19333
4373692200885,29708
4373897090283,46459
4374098110142,47833
4374299547589,22833
4374500289862,31792
4374702089895,45500
4374908218598,40416
4375109598836,53041
4375312303170,49375
4375513327613,19542
4375720063822,21041
4375921146848,14333
4376127157675,42959
4376333074085,23500
4376535357373,26917
4376744111937,33000
4376946144598,19417
4377151169456,35250
4377358151626,27375
4377560148079,26791
4377761137896,36375
4377965057284,21541
4317408180194,48167
4317609148594,51042
4317810279246,44084
4318011956945,51416
4318213376058,42125
4318414170456,59084
4318615475735,33667
4318819088120,49375
4319020560151,20750
4319221305632,69250
4319424068800,35667
4319629202410,30916
4319830341853,40833
4320032378014,49333
4320233253288,60292
4320438526024,53959
4320641373819,54292
4320842259593,52042
4321045620184,51251
4321250370165,38041
4321457163625,27959
4321659148035,49208
4321860614941,50250
4322066114346,58251
4322267072412,57917
4322468137563,52417
4322669266298,22750
4322872223094,54708
4323078294130,22209
4323281117007,24167
4323482055782,21834
4323684102651,52667
4323886199271,41625
4324087346548,50375
4324288108654,25791
4324493076679,58500
4324695086923,53875
4324897107042,153708
4325099087369,53292
4325300062686,49791
4325502070680,45459
4325704160884,59334
4325905594330,54000
4326110110642,42375
4326311076292,53625
4326512090484,58042
4326713625348,76792
4326914217036,50875
4327115123060,61542
4327317208014,55083
4327519689721,346251
4327721182626,33791
4327927086577,70459
4328134115706,24250
4328335117648,58334
4328538132694,59083
4328744154688,75416
4328946878856,52417
4329151131290,26500
4329352136940,56375
4329554104601,40833
4329756219221,50334
4329958564010,48500
4330161212011,42291
4330363746510,57958
4330565274708,54667
4330768795967,73708
4330975144756,47125
4331177151959,25500
4331378167401,51291
4331584124269,55250
4331785913427,32708
4331990515906,43708
4332194655381,33083
4332401109004,37876
4332602303365,61417
4332809104241,61500
4333010368769,56042
4333215118875,37792
4333416111109,30709
4333617240594,51375
4333819562883,39750
4334021112080,50375
4334222181523,49126
4334426075120,21167
4334627363315,46375
4334828129088,21916
4335029099071,118292
4335230113847,57208
4335432295843,51584
4335635149221,52667
4335837136256,28333
4336038223991,43833
4336242162046,55541
4336447110821,52709
4336648292598,53250
4336849125080,52292
4337050212398,27541
4337251183340,22083
4337454197927,56792
4337655396996,46625
4337857616534,46791
4338059248483,81084
4338262150153,30750
4338463999770,21292
4338665132255,59000
4338866478159,46209
4339068109900,65542
4339271140196,49209
4339473159273,37041
4339674943140,53125
4339879798955,52125
4340082193870,41750
4340284108488,16250
4340489594435,51500
4340691140007,59250
4340895201564,49917
4341097145141,48667
4341298090207,28208
4341499139275,50792
4341701137435,20541
4341903627476,21334
4342106912025,51625
4342313143854,42916
4342514220047,70125
4342715226948,51458
4342916141139,50250
4343119125143,106542
4343320198961,22875
4343521094277,50750
4343730113384,53500
4343933068847,51208
4344140163893,43917
4344341197377,17083
4344545177850,40042
4344747239219,51792
4344948564331,22208
4345152587013,54833
4345353164034,21917
4345554145768,42292
4345755184210,25292
4345956184819,53500
4346157336429,51833
4346358128077,52500
4346559090019,20625
4346760864052,23667
4346961321780,47791
4347163241857,48417
4347365208017,25375
4347567123969,38292
4347768335705,29625
4347969403189,27834
4348170108961,36459
4348371608033,17125
4348573963364,61625
4348779173891,39458
4348983097572,25959
4349184231765,21334
4349392140487,30584
4349593135262,56041
4349797224778,42666
4350000122073,50166
4350201568061,53167
4350404622482,51751
4350606196722,55959
4350807179080,53167
4351017171948,49125
4351219223485,23167
4351420655389,43375
4351621405537,43875
4351823980370,23542
4352025801363,59208
4352230373508,23166
4352439086654,46917
4352640264182,25458
4352841215415,54042
4353042204107,48834
4353243147882,24334
4353444347909,54167
4353647226287,21959
4353850177624,30791
4354051358943,61584
4354253212644,54500
4354455155596,47333
4354657210174,56792
4354858190115,54291
4355059120265,37875
4355264415418,45792
4355466386953,20625
4355667747066,53709
4355873241387,44584
4356077124234,30000
4356278155093,47001
4356482130899,37125
4356685182029,27500
4356886154471,49292
4357088749221,58916
4357291642141,51708
4357493252297,52916
4357699134123,43042
4357900167107,20209
4358109175090,56375
4358310137615,21458
4358511131098,53083
4358712207291,52209
4358914245619,43834
4359115073184,55792
4359320134793,26500
4359521193527,48667
4359728115989,47875
4359930713614,36667
4360133133112,51792
4360334389182,52792
4360536156715,51792
4360737403868,28167
4360939142443,39250
4361140140468,54000
4361342139920,48292
4361546139060,64041
4361748118512,31542
4361949179996,112292
4362154107854,53042
4362355262256,33000
4362556140405,61417
4362757320474,58250
4362958211331,23458
4363165119584,48708
4363367887419,24125
4363575127384,23291
4363777212462,48167
4363978159820,25292
4364179317181,44500
4364382024557,45125
4364588112510,52084
4364789202994,54833
4364993206384,54042
4365195162877,62958
4365400104277,51042
4365602070437,86125
4365804208182,27542
4366005301834,38292
4366207295619,24750
4366408309353,48667
4366609165252,55959
4366811194913,42709
4367013408743,38791
4367215119817,46375
4367416110426,36125
4367622131919,55541
4367831150111,53041
4368033576151,22417
4368235780313,44292
4368436680921,51875
4368641160066,22625
4368843632106,53876
4369046957030,55042
4369249267528,48833
4369452303282,48000
4369655923335,52000
4369857937329,43583
4370060796040,23000
4370264166298,46750
4370466183667,25416
4370667789490,60750
4370869104811,71500
4371070175337,53458
4371271254780,65250
4371472116012,56041
4371673087245,52291
4371874109188,288625
4372075505634,52625
4372278527097,43625
4372479075826,43709
4372685176820,193708
4372887207606,24625
4373088434592,52334
4373289103156,52917
4373490330559,49708
4373692200885,50958
4373897090283,22458
4374098110142,54583
4374299547589,20708
4374500289862,55125
4374702089895,54666
4374908218598,22833
4375109598836,22375
4375312303170,58834
4375513327613,52916
4375720063822,30667
4375921146848,43208
4376127157675,167458
4376333074085,72458
4376535357373,69583
4376744111937,57584
4376946144598,67042
4377151169456,54834
4377358151626,59666
4377560148079,56333
4377761137896,78292
4377965057284,53167