28053861974784,48584
28054066191976,41750
28054267356774,75625
28054468074695,34459
28054672130762,38083
28054873182643,57750
28055074074148,35333
28055275122738,32792
28055478350549,44959
28055680385978,52626
28055881066941,43126
28056082838368,44542
28056283084828,62208
28056484343919,64584
28056685154466,53000
28056887234353,47583
28057088076108,57208
28057289112531,56625
28057493077680,57667
28057694199270,47667
28057896864078,39709
28058098107461,36417
28058299466511,49167
28058504643500,44667
28058705125962,59042
28058906174718,45417
28059107257308,44709
28059308171313,49417
28059509147069,53125
28059710090283,49334
28059911117290,51917
28060114137266,54417
28060315219939,48000
28060516113320,39833
28060717133159,49458
28060919083880,48001
28061120108344,49751
28061322130856,48542
28061523226488,132543
28061726130589,56959
28061928089809,46250
28062129115399,54833
28062330310031,49792
28062531114744,54626
28062732194001,45667
28062933078798,43667
28063134096179,55584
28063337119697,57334
28063539085667,49750
28063743129650,58584
28063944138156,51583
28064145104329,50667
28064346336378,53792
28064547140841,44334
28064748106264,42292
28064950123901,57500
28065152755375,56209
28065354574178,46875
28065555115515,25625
28065757124610,55876
28065958817370,66833
28066159149706,49042
28066360107878,51375
28066561203218,70667
28066766106414,57167
28066967409422,41625
28067172082034,32167
28067373223499,48209
28067574263131,48417
28067779173452,54334
28067982068094,42959
28068185154780,33708
28068386584372,40584
28068588083089,49626
28068789174554,50000
28068990178519,53167
28069193891958,50834
28069396372181,57417
28069601210377,30042
28069806251032,53542
28070007156538,42625
28070208100460,41167
28070409095925,46042
28070610224348,51125
28070811828191,46375
28071016373344,31292
28071217081765,53959
28071422173546,52500
28071626561155,39709
28071828347666,47709
28072030140552,41000
28072231302392,45500
28072432110939,53042
28072633167404,45333
28072834112535,47792
28073035143541,57125
28073241114785,54875
28073445069101,51916
28073646095649,49292
28073847079113,57584
28074048334329,66251
28074250166298,59208
28074451094471,53251
28074652144435,56875
28074858163222,56292
28075060174067,46458
28075261100490,52000
28075462089787,50751
28075663435087,44667
28075864118383,48209
28076065089597,46042
28076266079353,50958
28076468373367,47542
28076670166503,32209
28076873072479,46625
28077074135360,52375
28077276313665,50583
28077477332546,53250
28077679049182,31709
28077880225356,51000
28078081194611,44001
28078282139200,42959
28078483084165,52251
28078684180588,40709
28078886474268,56959
28079087572983,49500
28079290132332,30208
28079496072993,42292
28079697130333,51167
28079898389091,50917
28080101115815,58167
28080307124810,47376
28080508076857,49000
28080709326990,46959
28080910387747,51083
28081112069423,43917
28081313254514,48792
28081514101894,50917
28081715094025,43042
28081916087573,51042
28082117179413,47042
28082322068192,50751
28082528120187,34333
28082731571708,27667
28082932208212,47292
28083137136325,41333
28083338157040,50750
28083540024468,39959
28083743116403,48875
28083944088367,49167
28084145250041,50750
28084346240964,52459
28084547095594,41167
28084748110892,36959
28084949085939,47167
28085150100987,52251
28085353645550,48625
28085555699438,39292
28085756311108,38667
28085957119946,49792
28086158283078,53750
28086362272936,42792
28086566634170,25959
28086769080852,49001
28086970849571,56583
28087176054186,34083
28087382089056,38584
28087584341944,108250
28087785120949,46542
28087986077080,52667
28088188214801,50167
28088391280736,50500
28088592777995,40334
28088793147248,27458
28088994092337,51625
28089196195141,40750
28089398036236,37667
28089599156117,27833
28089800252874,60334
28090001084462,28875
28090202104552,62292
28090403082600,56376
28090607321792,51417
28090808084338,56125
28091009085886,56500
28091210106559,54501
28091412115363,47709
28091615243423,43250
28091819431907,52667
28092021042583,47667
28092222104173,50709
28092423298597,67125
28092626150364,57125
28092827233287,76667
28093028105459,62792
28093229157924,55667
28093430179180,63292
28093631350229,69292
28093833251991,47625
28094036292384,43834
28094242132003,36500
28094445176938,75458
28094646328486,51083
28094847468868,55542
28095048089997,47792
28095249260088,33875
28095450244844,67042
28095651084839,49624
28095852136783,60665
28096053089689,49874
28096254255505,155037
28096456089804,33040
28096657062501,42332
28096860346094,57290
28097062697671,52166
28097266135094,54166
28097467584070,47748
28097669215166,42624
28097870182196,134538
28098072151950,53916
28098273349182,52040
28098475097608,52040
28098676073096,46707
28098878281718,56624
28099079320580,37790
28099281263376,45582
28099482191324,80332
28099683226185,56832
28099886119039,54082
28100089112599,40874
28100291662046,53165
28100495338921,46915
28100696348825,45499
28100897837925,51165
28101099159820,72289
28101300103809,52957
28101501382914,63415
28101702182157,79373
28101905430835,53499
28102109133127,66832
28102310123823,63331
28102511138518,53832
28102712083507,45665
28102918871717,56624
28103122079354,45124
28103325126788,37749
28103527663151,54165
28103728122945,65957
28103929324885,58665
28104130178752,76790
28104332166672,63790
28104534812699,67248
28104735354282,56541
28104940072755,44916
28105141164990,61540
28105344899655,59290
28105546122553,69748
28105750103420,71789
28105951144740,79540
28106152146811,63665
28106354096190,59415
28106555102427,63873
28106756102707,57207
28106963069287,52791
28107165566360,57082
28107367125749,57332
28107568600807,35791
28107769161056,54332
28107970147503,45124
28108171131657,53374
28108372182435,58207
28108573270337,46624
28108774472777,46915
28108977144304,28249
28109183082536,44374
28109384081607,48707
28109585447877,52707
28109787104180,50457
28109988072627,47290
28110189104905,54207
28110391063242,50707
28110592325306,48999
28110794083565,26249
28110995134302,31499
28111196080624,46874
28111397052612,28791
28111599181070,47582
28111801820889,47249
28112003129743,52373
28112204077691,53249
28112406388060,62457
28112610152141,55457
28112811349624,39207
28113012228239,37457
28113213094355,23624
28113414328712,44665
28113615156246,53291
28113816086652,51707
28114017134471,50582
28114218087377,48582
28114419399022,54915
28114625113177,54748
