29159831331606,21584
29160038293847,21167
29160242432745,24375
29160444828722,24333
29160647278741,78917
29160849278217,22625
29161050367065,21625
29161251532538,60666
29161453094180,39584
29161654315278,52083
29161855882003,45626
29162058350146,16584
29162266687599,29333
29162467382905,20000
29162673769518,21667
29162875946786,25792
29163077916470,20833
29163280937991,18792
29163487230438,19917
29163693305842,29417
29163897123532,22542
29164103236478,51542
29164305978998,49917
29164512328945,40291
29164714140004,23583
29164915688686,21875
29165117542620,31250
29165319537638,55083
29165522498658,42417
29165729536399,55458
29165932504919,44875
29166135639190,49667
29166338259751,19625
29166539360766,21875
29166741882535,28375
29166943502926,66542
29167145575237,21250
29167346233228,17042
29167551885603,42875
29167756192393,20876
29167957554136,30792
29168160334673,46417
29168362340708,32041
29168564413369,30666
29168765431903,27875
29168966266729,34375
29169168484182,26333
29169369345590,22958
29169575212382,20000
29169776483084,38834
29169982260459,31542
29170188269334,54959
29170391349622,19334
29170592969157,51500
29170799475658,65250
29171002648779,21959
29171209535364,22375
29171410278606,51958
29171612614476,22833
29171814469761,50542
29172015538754,22375
29172218103374,22792
29172421091786,20500
29172622969030,24000
29172827262236,19792
29173030163315,29750
29173231650641,30708
29173433241093,23917
29173634949586,20125
29173840259919,48792
29174043131748,22209
29174246414577,45875
29174452146036,17833
29174655612990,20791
29174863285910,23875
29175066217364,44958
29175268351733,24250
29175472067314,19458
29175675450476,49000
29175878597056,16833
29176081085884,22250
29176287644885,20625
29176494266762,53083
29176700202304,31333
29176901298755,26000
29177104285417,67500
29177305678660,20000
29177507367779,48250
29177709808315,31625
29177911187266,32750
29178112407509,75166
29178316480506,25208
29178518099291,49375
29178719909452,26708
29178922123321,62167
29179128521822,20542
29179330250441,19875
29179534379105,20667
29179735597223,46875
29179937753509,49167
29180144184052,47959
29180345642711,55166
29180547233830,23125
29180748512448,55042
29180949486398,54875
29181155018481,66625
29181356611141,21583
29181564202978,29917
29181765251637,43250
29181966202004,28750
29182172269963,19500
29182373832123,38042
29182575759451,60626
29182779565072,22083
29182980738607,21333
29183183077143,26750
29183384315011,61625
29183585855879,31459
29183786449246,141209
29183987390863,45667
29184188431939,34500
29184389231639,50167
29184590234882,52584
29184791841458,24958
29184993444785,18751
29185197509991,25750
29185398751484,25958
29185600821686,21792
29185802510055,106333
29186007912971,54750
29186212286677,33375
29186413515086,21500
29186616616166,25334
29186818798910,22333
29187021202030,25084
29187223134857,19750
29187426977771,18875
29187629433265,46333
29187834260097,23375
29188039154304,44875
29188241962841,52625
29188443240167,18458
29188644998203,28875
29188846312612,23167
29189048852024,21166
29189250734809,52334
29189456811227,49208
29189662076143,48292
29189863499136,20208
29190064486461,45458
29190270185711,29250
29190471513538,21375
29190678277248,43167
29190880208075,44458
29191084227864,29417
29191290610198,25667
29191493993611,47250
29191696902190,25291
29191898671309,45750
29192102863890,17417
29192303407131,18625
29192504958041,18917
29192707745620,18458
29192910159656,23833
29193112695443,18208
29193314865021,22834
29193517451099,19751
29193719965719,27083
29193922505005,48834
29194127396504,21125
29194333196129,17167
29194536571792,14750
29194737499326,27500
29194942628533,40792
29195146180863,24417
29195351314154,65375
29195555331526,21458
29195757720771,44958
29195959543931,49333
29196165610307,21834
29196367807301,42250
29196570380755,50000
29196771330414,37625
29196972346448,29958
29197175448152,17751
29197377983313,60417
29197579573848,21083
29197780784800,26042
29197981391916,23458
29198182193992,42375
29198383729110,26583
29198585825354,23583
29198787421014,46292
29198989467133,18250
29199194572216,20250
29199396629793,65209
29199598691329,43334
29199799621946,36875
29200001454565,28167
29200202245932,33000
29200403380175,51083
29200604212042,50292
29200806442203,19334
29201013744622,54500
29201216274117,20667
29201420438948,21125
29201623210360,21042
29201829248652,20208
29202030525603,49541
29202231992346,25917
29202433394173,18208
29202637432295,50333
29202843228254,41917
29203045378623,20875
29203252548625,49667
29203459639127,59500
29203663676833,111917
29203869333791,21917
29204072326995,97958
29204273688363,26041
29204475195815,51250
29204676444308,51917
29204877320258,38417
29205078524084,44250
29205279953619,20000
29205481968113,47500
29205683579898,56416
29205887175353,20708
29206093231937,16000
29206299244438,49792
29206500991848,19667
29206703560468,18958
29206908443425,20042
29207111688462,19208
29207314238916,49417
29207517304120,20541
29207719392656,19000
29207921581733,26167
29208123775769,18333
29208325342846,44375
29208526352755,17500
29208728863958,20417
29208930525827,21708
29209131936111,22875
29209339462489,37500
29209540552649,55833
29209741206974,29209
29209943258385,27667
29210146477547,26500
29210347339456,20166
29210551581495,20042
29210754406574,40583
29210957196819,29500
29211158789313,23209
29211360356181,55084
29211561735007,22541
29211766641006,23500
29211969847794,24709
29212174474209,23542
29212376385328,17875
29212582772662,24041
29212784625989,55709
29212990050405,20875
29213191562440,27625
29213396742314,22167
29213601246813,24876
29213802387597,30083
29214003456131,17834
29214204263498,21750
29214405373491,43625
29214606744984,51291
29214808854061,21375
29215015500438,23958
29215218977726,29583
29215420391927,43750
29215621453711,48583
29215823699706,23917
29216024421823,19333
29216227513944,29708
29216430118105,46459
29216636181689,47833
29216842198856,22833
29217043789225,31792
29217247210721,45500
29217448722548,40416
29217649382373,53041
29217856345042,49375
29218059119203,19542
29218263544285,21041
29218465232528,14333
29218666619355,42959
29218872589147,23500
29219076725769,26917
29219279618931,33000
29219480434548,19417
29219683704045,35250
29219885490622,27375
29220087964450,26791
29220294923993,36375
29220497396488,21541