28053862025242,31083
28054066235851,21000
28054267431900,22709
28054468106946,18375
28054672192179,42417
28054873216977,20209
28055074107274,15958
28055275147947,15291
28055478396050,24417
28055680753564,23834
28055881102858,20250
28056082874285,18583
28056283122203,19958
28056484377128,20208
28056685227049,44626
28056887342229,28334
28057088109275,18501
28057289149240,22334
28057493117389,25083
28057694554106,29042
28057897079580,17875
28058098246670,17083
28058299509303,21626
28058504680917,22125
28058705194795,34417
28058906348219,23875
28059107294225,19375
28059308211814,22209
28059509186320,22292
28059710122409,18334
28059911407166,21250
28060114656894,27834
28060315262940,22667
28060516564989,20792
28060717743413,50167
28060919348756,21501
28061120141803,19583
28061322760694,21333
28061523970534,22750
28061727064470,25167
28061928118518,18000
28062129715652,23250
28062330344114,18667
28062531161578,19834
28062732379335,23583
28062933111881,19376
28063134139971,20042
28063337248406,20334
28063539361127,21458
28063743690529,25417
28063944179865,19666
28064145139037,22417
28064346679755,37333
28064547372593,21958
28064748151556,20709
28064950420403,24917
28065153305295,23000
28065354827846,23208
28065555490017,52125
28065757458362,29834
28065958851871,19417
28066159190873,20583
28066360665507,21875
28066565262243,34709
28066766667876,25001
28066968205552,22167
28067172108409,14541
28067373447001,15375
28067578164321,40667
28067779208744,22167
28067982109428,24917
28068185290281,20959
28068387362043,24333
28068588615717,25041
28068789453764,26166
28068990474437,22000
28069194169043,21625
28069397073560,39958
28069601668755,20333
28069806911120,24334
28070007191830,23501
28070208546880,26583
28070409392260,26084
28070610678309,22792
28070811869067,21751
28071016400677,16500
28071217358725,24583
28071422211712,23709
28071626741823,21875
28071828832378,26083
28072030325262,19292
28072231341809,23209
28072432150939,20292
28072633202987,17917
28072834146951,20125
28073035244041,28750
28073241215703,42083
28073445115518,26500
28073646129191,20542
28073847855243,31875
28074049105292,26334
28074250266549,59250
28074451252847,25083
28074652184019,24625
28074858200055,23333
28075060501819,22292
28075261433658,21292
28075462121162,18834
28075663467712,18000
28075864147550,18542
28076065503266,22458
28076266719690,38208
28076468860787,23292
28076670680631,28042
28076873359064,20625
28077074827489,48792
28077276349999,20250
28077477379838,20375
28077679090932,17666
28077880256606,18458
28078081672906,24459
28078282371869,20542
28078483348333,21209
28078684664882,28917
28078886751937,23084
28079087832193,22209
28079290274625,16459
28079496285828,25583
28079697609044,27959
28079900038892,23167
28080105110756,39667
28080307171810,18541
28080508196442,68584
28080709581367,21583
28080911390169,35251
28081112292383,23583
28081313288847,22458
28081514346896,23708
28081715319193,29125
28081916167240,47125
28082117551582,25626
28082322105693,22126
28082528437397,27750
28082731698917,20375
28082936085194,49459
28083137314826,23917
28083338498792,25333
28083540053134,15084
28083743658656,28292
28083944120242,20291
28084145340166,49000
28084346282172,24833
28084547131177,23167
28084748144058,19166
28084949306816,21959
28085150384155,22709
28085354205012,33000
28085555731438,16917
28085756481901,22042
28085957156613,21083
28086158525538,25042
28086362306644,19167
28086566670629,15042
28086769114269,19375
28086970886946,21084
28087176087353,18042
28087382131806,23084
28087584741863,99834
28087785413117,19542
28087987060919,30375
28088188250718,19876
28088391562738,22792
28088592809621,18792
28088793186206,22125
28088994701465,61626
28089196233058,17041
28089398062694,14083
28089599178243,12459
28089800808877,25167
28090001115838,15750
28090202141094,20000
28090406121243,28417
28090607609335,22751
28090808117505,19375
28091009125469,22334
28091210140684,19667
28091412414656,24959
28091615271423,17375
28091819465490,21875
28092021071292,17917
28092222603093,23375
28092424279186,49042
28092626203781,21459
28092827278454,29375
28093028143626,20959
28093229197049,24125
28093430230097,22750
28093632059733,90209
28093833285116,20417
28094036333634,19333
28094242159961,16000
28094445856525,48583
28094646612738,22375
28094847579661,31542
28095048126581,20708
28095249364963,57875
28095450276469,19792
28095651116338,19624
28095852441817,21333
28096053118521,18500
28096255114274,43208
28096456122261,20708
28096657290036,22708
28096860752000,26166
28097063227407,23083
28097266401921,22832
28097468077599,23791
28097669249582,19250
28097870220278,22124
28098072422734,22124
28098273909000,31874
28098475127941,19083
28098676444211,55207
28098878536462,23583
28099079647988,20291
28099281295917,21416
28099482857889,43333
28099683762713,24250
28099886725148,62248
28100089319677,20500
28100291706461,26916
28100495375003,17958
28100696482905,22208
28100898426742,26708
28101099198569,25833
28101300722168,58499
28101501424205,22083
28101702223823,24291
28101905463168,19624
28102109196917,21541
28102310198571,21249
28102511170976,18416
28102712122214,26416
28102918927507,36290
28103122327723,20249
28103325283075,118788
28103527704775,24374
28103728166110,23166
28103929364093,18916
28104130227542,24082
28104332461872,23541
28104534849281,20708
28104735391364,20333
28104940471577,27708
28105141222405,32958
28105344944279,26333
28105546158636,20250
28105750140003,20708
28105951185031,23791
28106153036121,41957
28106354378141,24749
28106555396003,23666
28106756142122,18624
28106963109077,23916
28107166090679,25416
28107367212913,44957
28107568634431,23332
28107769200347,24041
28107970237542,27041
28108171704350,27374
28108372565133,28582
28108573515455,29124
28108774510360,23583
28108977351340,21916
28109183569440,25416
28109384563761,24666
28109585993821,24166
28109787140721,19791
28109988483741,41207
28110189149446,21833
28110391098950,18666
28110592734629,32166
28110794476888,17874
28110995158718,16000
28111196545820,24708
28111398090418,30999
28111599993840,30707
28111801855221,21125
28112003165284,22624
28112205287575,29458
28112406842840,44332
28112610194974,21666
28112811389914,21250
28113012408651,19208
28113213120063,13666
28113414359086,18083
28113615192245,19875
28113816128984,20583
28114017170053,19582
28114218339078,23541
28114419442188,23749
28114625148676,21083
