29160038248721,48167
29160242119995,51042
29160444395513,44084
29160646765115,51416
29160849237134,42125
29161050327773,59084
29161251586789,33667
29161452762387,49375
29161654389695,20750
29161855510668,69250
29162058312896,35667
29162266132639,30916
29162467167196,40833
29162673344517,49333
29162875351576,60292
29163077635011,53959
29163280903074,54292
29163487193438,52042
29163693245051,51251
29163896902365,38041
29164103529521,27959
29164305562622,49208
29164512499362,50250
29164713563877,58251
29164915409477,57917
29165117246828,52417
29165319592471,22750
29165522450324,54708
29165729823233,22209
29165932761836,24167
29166135893357,21834
29166338219126,52667
29166539314099,41625
29166741404616,50375
29166943855469,25791
29167145295903,58500
29167346200603,53875
29167551529478,153708
29167756148768,53292
29167957484344,49791
29168160248006,45459
29168362177625,59334
29168564300327,54000
29168765356987,42375
29168966232895,53625
29169168472473,58042
29169369304674,76792
29169575162716,50875
29169776446792,61542
29169982232334,55083
29170188565543,346251
29170391139580,33791
29170592458239,70459
29170799787783,24250
29171002203487,58334
29171209217239,59083
29171410253564,75416
29171612256808,52417
29171814760762,26500
29172015489170,56375
29172217579831,40833
29172420819494,50334
29172622916696,48500
29172827222319,42291
29173028944938,57958
29173231638266,54667
29173433184426,73708
29173634913586,47125
29173841064545,25500
29174042847289,51291
29174246056077,55250
29174452112786,32708
29174655566657,43708
29174863140618,33083
29175065204363,37876
29175267960316,61417
29175472030188,61500
29175674907559,56042
29175878312930,37792
29176080919675,30709
29176287338635,51375
29176494177553,39750
29176700173345,50375
29176901381588,49126
29177104332250,21167
29177305425701,46375
29177507715237,21916
29177709274522,118292
29177911187266,57208
29178112209675,51584
29178316204464,52667
29178518459375,28333
29178719466118,43833
29178922080571,55541
29179128220780,52709
29179330203566,53250
29179534105605,52292
29179736076265,27541
29179938040218,22083
29180142185965,56792
29180345646503,46625
29180547185496,46791
29180748429364,81084
29180950256983,30750
29181155059607,21292
29181356307058,59000
29181564190270,46209
29181765232512,65542
29181966195546,49209
29182172079255,37041
29182373759623,53125
29182575377075,52125
29182779381239,41750
29182980778982,16250
29183182906559,51500
29183384315011,59250
29183585568045,49917
29183786355496,48667
29183987300405,28208
29184188397231,50792
29184389281473,20541
29184590451132,21334
29184791574166,51625
29184993403618,42916
29185196700031,70125
29185398334441,51458
29185600469144,50250
29185801631512,106542
29186008275013,22875
29186212238552,50750
29186413260211,53500
29186616325915,51208
29186818339451,43917
29187021316405,17083
29187222921690,40042
29187426941729,51792
29187629685557,22208
29187833589804,54833
29188039548180,21917
29188241941883,42292
29188443202251,25292
29188644171993,53500
29188846270821,51833
29189048627857,52500
29189250957101,20625
29189457067394,23667
29189662076143,47791
29189863301469,48417
29190064775879,25375
29190270178170,38292
29190471462496,29625
29190678168623,27834
29190880165658,36459
29191084274281,17125
29191290309281,61625
29191494336195,39458
29191696638356,25959
29191898922601,21334
29192102822431,30584
29192303371715,56041
29192504910916,42666
29192707710870,50166
29192909848739,53167
29193112658693,51751
29193314557478,55959
29193517382474,53167
29193719303176,49125
29193922728714,23167
29194127011420,43375
29194333153587,43875
29194536537500,23542
29194737448243,59208
29194942852242,23166
29195146628322,46917
29195351648655,25458
29195555281068,54042
29195757640188,48834
29195959602390,24334
29196165374932,54167
29196368099969,21959
29196570428046,30791
29196771201913,61584
29196972338989,54500
29197175407277,47333
29197378054480,56792
29197579293056,54291
29197780526341,37875
29197981161124,45792
29198182452867,20625
29198383431943,53709
29198585348770,44584
29198788138182,30000
29198989429300,47001
29199194407215,37125
29199396931002,27500
29199598425203,49292
29199799316612,58916
29200001398148,51708
29200202229599,52916
29200403540550,43042
29200604267208,20209
29200806404994,56375
29201014064706,21458
29201216231075,53083
29201420399781,52209
29201623166151,43834
29201829204569,55792
29202030686937,26500
29202231383429,48667
29202433353756,47875
29202637140461,36667
29202843228254,51792
29203045339248,52792
29203252564334,51792
29203460107545,28167
29203662988832,39250
29203869260958,54000
29204071828161,48292
29204273283071,64041
29204475521815,31542
29204676556641,112292
29204877237091,53042
29205078439667,33000
29205279831577,61417
29205481915155,58250
29205684144649,23458
29205887127186,48708
29206093202687,24125
29206299507105,23291
29206500741556,48167
29206703286759,25292
29206908392091,44500
29207111423670,45125
29207314171832,52084
29207517263911,54833
29207719351531,54042
29207921264733,62958
29208123700811,51042
29208325338013,86125
29208526307963,27542
29208728637791,38292
29208930483785,24750
29209131647486,48667
29209339157447,55959
29209540523357,42709
29209741192890,38791
29209943240593,46375
29210146444505,36125
29210347296873,55541
29210551545079,53041
29210755066033,22417
29210957186361,44292
29211158529021,51875
29211360411473,22625
29211561449965,53876
29211766343797,55042
29211969303085,48833
29212174222292,48000
29212376352036,52000
29212582512662,43583
29212784951365,23000
29212989997989,46750
29213191124231,25416
29213396692981,60750
29213601013979,71500
29213802375013,53458
29214003419464,65250
29214204213331,56041
29214405170990,52291
29214606989317,288625
29214808536977,52625
29215014914478,43625
29215218744517,43709
29215420545344,193708
29215621711128,24625
29215823218122,52334
29216024382489,52917
29216227269943,49708
29216429558521,50958
29216636488731,22458
29216837332182,54583
29217044566059,20708
29217247303680,55125
29217448436714,54666
29217649845499,22833
29217856635000,22375
29218059073745,58834
29218263492035,52916
29218465202903,30667
29218670060152,43208
29218872066229,167458
29219076403519,72458
29219279290681,69583
29219480395882,57584
29219683155085,67042
29219885443205,54834
29220087604282,59666
29220294334826,56333
29220497353780,78292
29220701945861,53167