4317408540739,51500
4317609483014,29876
4317810457748,38167
4318012312532,32875
4318213706145,44375
4318414636794,35292
4318615818405,256961
4318819515875,144418
4319020825070,28000
4319221467592,39917
4319424284469,195044
4319629376911,149335
4319831563491,201086
4320032433140,35083
4320233772835,40292
4320440124666,1167679
4320641698614,303503
4320842562429,34750
4321045967479,27125
4321250695293,75751
4321458126010,334295
4321659214994,31208
4321860691441,49876
4322066570267,36667
4322267388415,175002
4322468262023,99251
4322669338549,51751
4322872594931,101084
4323078492548,30709
4323281510928,34209
4323482448244,79918
4323684933702,507880
4323886498524,107293
4324087421841,31375
4324292042028,3900874
4324493628185,34625
4324695459260,32792
4324897709090,69042
4325099125078,20292
4325300606192,40626
4325502377475,43417
4325704492929,46083
4325905664164,25625
4326110189434,46250
4326311120125,21917
4326512142943,26625
4326713785266,45042
4326914497122,71834
4327116249239,48334
4327318346650,34792
4327519885848,37043
4327721700840,48251
4327927271829,27959
4328134172748,25834
4328335452568,31292
4328538193320,26667
4328744772486,92501
4328947431153,38209
4329151424210,33792
4329352712280,43792
4329554585689,80709
4329757821696,136126
4329959052640,34167
4330161539889,36084
4330363902179,30875
4330565728837,208627
4330768910469,31375
4330976078599,67001
4331177227876,43334
4331378246943,47001
4331584443147,47917
4331786105096,87418
4331990735450,113543
4332195287762,30542
4332401237339,79960
4332602804120,39417
4332809544454,116626
4333010727190,32126
4333215513254,33709
4333416164693,21459
4333617941018,78834
4333820118097,95001
4334021602835,120084
4334222366858,121585
4334426222788,31709
4334627758611,114543
4334828480717,35750
4335029323949,204294
4335230558351,84959
4335432978850,60084
4335635290764,50417
4335837863139,179210
4336038785746,237794
4336242842220,88001
4336447589534,58251
4336648583559,29042
4336849398791,246211
4337050268898,31334
4337251449551,31251
4337454251595,25000
4337655960544,486213
4337857921996,31875
4338060144950,55042
4338262689950,31750
4338464609777,89918
4338665761762,158335
4338867222792,202669
4339068635613,185502
4339271788119,60042
4339473541694,117918
4339675333894,83209
4339880098417,82126
4340082710500,34668
4340284695077,42292
4340490070689,42376
4340691599554,85292
4340895913988,377921
4341097670688,38501
4341298243459,68335
4341499259901,88293
4341701642066,105043
4341903693185,33334
4342106974151,25917
4342313210563,31834
4342514351882,99709
4342715317282,42584
4342916344766,44792
4343119351937,193877
4343320567881,36500
4343522047536,30834
4343730200677,27167
4343933288432,44334
4344140265519,73292
4344341667799,170960
4344545649063,34750
4344747301095,32376
4344948730250,38168
4345152745723,50959
4345353236160,43042
4345554212393,30584
4345755547630,332837
4345956242778,26209
4346157688683,173668
4346358464414,310337
4346559149353,30750
4346760907761,23458
4346961503741,158585
4347163484984,221961
4347365630188,95834
4347567372763,231461
4347768538957,30250
4347969854569,32584
4348170436590,27792
4348371858411,25209
4348578093657,3757747
4348779707439,29667
4348983461742,48834
4349184735896,84960
4349392311780,33917
4349593720226,38209
4349797719033,38876
4350000499410,28584
4350202423528,55293
4350405182321,133709
4350606575643,32833
4350811146121,3940999
4351017631620,52417
4351219517113,35625
4351420898267,31542
4351622313630,274878
4351824206164,35500
4352026119241,35708
4352231165016,46459
4352439155405,25083
4352640392808,56542
4352841610752,33501
4353042799988,259461
4353243718429,49459
4353444667579,55792
4353647315788,28333
4353850296125,60543
4354051687530,46917
4354253468230,87376
4354455280014,34917
4354657275883,31167
4354858466993,245795
4355059554686,144085
4355265208801,268336
4355466447246,28958
4355668042360,45750
4355873303263,31001
4356077364820,27959
4356279026519,223002
4356482236359,69709
4356685289863,82751
4356886264972,36208
4357088994557,112126
4357291803517,123918
4357493364673,77126
4357699496877,35417
4357900681737,56709
4358109306383,31792
4358310466410,44375
4358511218766,26876
4358712665504,39417
4358914599914,32459
4359115687774,110084
4359320307003,29500
4359521889868,35417
4359728756162,51626
4359931330328,82001
4360133232905,27042
4360334491974,29917
4360536528719,33168
4360737821622,56334
4360939240110,27209
4361140885642,176168
4361342387381,42167
4361546763691,260045
4361748324014,186919
4361949542542,80667
4362154413815,47667
4362355333715,39000
4362556240656,30834
4362757673561,99709
4362958756712,47376
4363165409754,28333
4363368753845,84501
4363575754974,44292
4363777454673,32250
4363978660034,37667
4364179467349,39709
4364382199350,42292
4364588328637,33334
4364789506164,30917
4364993500304,36209
4365199080834,3597496
4365400194028,35584
4365602132354,28292
4365804293058,32167
4366005368709,33250
4366207388287,52709
4366408380437,36209
4366609723508,35542
4366812147131,66459
4367014158875,200211
4367215342694,39917
4367416512430,86793
4367622739926,151626
4367831533031,87417
4368034407617,303378
4368235836981,23042
4368437346928,59625
4368641708196,118001
4368844479948,69709
4369047991291,64418
4369249684782,34834
4369452343824,21500
4369656227963,75751
4369858086914,27208
4370061183127,70918
4370264616136,115127
4370466453545,146793
4370668074535,102709
4370869278521,24500
4371070485840,68917
4371271496699,27042
4371472376598,31501
4371673225288,30375
4371874386107,116043
4372075555051,24250
4372278771557,25833
4372479427454,25376
4372685232696,32750
4372887374441,78418
4373088483759,24834
4373289150573,24125
4373490370892,21542
4373692673473,145001
4373897152909,33167
4374098261519,129293
4374299605673,31959
4374500519697,202586
4374704116208,37667
4374908483851,48792
4375110238217,78417
4375312461464,44667
4375513838451,307879
4375720102614,20459
4375921770563,208336
4376127233634,28333
4376333132127,21666
4376535504500,41250
4376744376731,67501
4376946499060,34667
4377151763754,34375
4377358708007,35417
4377560530874,124376
4377761773860,69751
4377965481539,27417
