10300478103579,83458
10300696112873,82000
10300926649248,94958
10301133519086,2792083
10301339099924,65667
10301563128926,81500
10301833924086,261625
10302141955780,1387166
10302349107202,31959
10302565404746,64625
10302770422251,31167
10303001828251,72708
10303204475757,36666
10303410504386,103792
10303728886871,4667207
10303936052417,33042
10304139817006,90375
10304383056962,157416
10304599119798,99250
10304807071594,76708
10305016132974,67709
10305274951886,64084
10305525956507,49000
10305792980126,8127332
10306025570793,360708
10306259206418,2288666
10306462356506,113584
10306679048134,508166
10306882280098,225708
10307086899019,75667
10307288170108,25916
10307506991902,351500
10307727839946,90750
10307930500576,73542
10308140883664,88709
10308361390166,70875
10308675520026,39144535
10308903674652,72750
10309145231900,39499202
10309349141239,27083
10309550176786,28417
10309751470042,24917
10309956869047,72958
10310162125218,76208
10310363754390,91250
10310577281269,662292
10310781174482,64208
10310999673735,10380373
10311227336819,12478498
10311449099737,68291
10311658257533,76292
10311873070495,81041
10312076602375,68416
10312295747627,709667
10312546556541,28442869
10312763646002,127000
10312988310962,33958
10313195458550,58208
10313397712388,53375
10313643020261,136917
10313847695599,27625
10314129048757,90000
10314404758666,54017657
10314625445252,67083
10314831653048,34791
10315063913256,100541
10315271390386,91749
10315476399557,66583
10315677431605,29167
10315880500985,123417
10316081827324,363875
10316282565288,33666
10316510125914,2728291
10316714254294,260833
10316952587376,72916
10317176838336,115167
10317431720624,2746666
10317655365792,4325374
10317884282293,65833
10318127674874,36834
10318339377211,111291
10318541945341,59083
10318779695590,124958
10318987363845,61041
10319188367767,54125
10319389474148,65333
10319590328862,55124
10319793850242,55292
10320052024446,84750
10320256365284,62000
10320504652323,56000
10320733540032,56917
10320952493784,116541
10321159823539,38208
10321362044086,92709
10321583833005,84792
10321808429798,23960246
10322072444875,63166
10322302022668,154958
10322600578197,5641916
10322847378361,121917
10323052700825,86208
10323316611902,416250
10323574180981,118500
10323778363486,68000
10324040426356,134458
10324268601023,860708
10324485680318,62792
10324686838532,66625
10324921395823,68833
10325126525536,59792
10325447967187,33750
10325650655776,203750
10325927224435,100375
10326173205015,164125
10326395517309,3471750
10326632193183,826584
10326864906141,61041
10327069733646,26916
10327277375484,67666
10327526474856,751125
10327736973819,3676207
10327938702241,1403499
10328258413017,79794402
10328461224855,28916
10328757046177,159167
10328979269804,85208
10329206333014,142458
10329417486476,126875
10329719535588,1265791
10329956648546,84000
10330163507300,97917
10330390455760,472584
10330603565638,145916
10330932062038,138292
10331195993490,105625
10331413332993,102500
10331691690651,2389999
10331931252150,61542
10332134768614,74792
10332337584036,34209
10332601361030,601833
10332849165861,105833
10333069504155,446541
10333342344022,144667
10333580380813,84334
10333959749912,1169999
10334192075995,89708
10334430483661,140958
10334679967824,93834
10334946806693,631542
10335149508573,31958
10335364266202,65833
10335615949407,142375
10335818479120,86583
10336101243820,161000
10336322600947,418666
10336524765869,980083
10336736130789,156000
10336946390626,5093749
10337147727382,87166
10337352182970,32666
10337637470003,40280285
10337880293251,113042
10338113360667,323708
10338377049995,425750
10338580483834,574875
10338877377697,9486999
10339127140194,108875
10339329548574,407250
10339530195497,38084
10339797623574,538541
10340019808409,301083
10340376158803,117667
10340611024595,15165372
10340941633869,53625
10341167926328,154208
10341439811738,35042
10341689302151,1264917
10341894789490,281375
10342097297995,72917
10342300948000,787208
10342511413995,60917
10342714256907,195583
10342984675261,65084
10343237024162,89583
10343510466557,2920749
10343746798836,64542
10343983814615,5614624
10344269295091,183750
10344510242536,127167
10344723729070,41041
10344982037136,161833
10345190117213,371083
10345396264832,956041
10345653743523,134042
10345966470577,473750
10346193807483,97209
10346395746811,62500
10346596361849,61375
10346851704665,1634916
10347076541613,517041
10347284542857,61750
10347576909707,118417
10347851846602,37333
10348106026085,139709
10348337237824,196541
10348565926230,71417
10348817028964,135375
10349106763314,5224207
10349336707678,128541
10349606603657,386875
10349822854066,58625
10350030141018,107834
10350245891469,132417
10350480530207,95416
10350764624683,39292
10351022183041,65291
10351233266700,76000
10351446201110,67374
10351653048937,105625
10351884475259,65500
10352107698375,76792
10352357957692,129958
10352615020175,1769875
10352820200294,34917
10353024464664,30333
10353239227073,72458
10353471067853,109916
10353722147004,110208
10353969530072,104375
10354205364685,511708
10354419347969,66959
10354640214501,87917
10354911155939,112000
10355154686467,30292
10355371419500,310958
10355624366400,112125
10355892214506,27526078
10356101542541,95750
10356306211869,52291
10356532724858,92584
10356756820474,76458
10356958538927,94958
10357162553380,36834
10357372700166,154292
10357588123158,74917
10357790966944,75584
10358080324420,134208
10358292081329,701458
10358623169670,80458
10358849888618,286833
10359083863564,545583
10359325218634,88042
10359635686104,161333
10359838213683,29541
10360098023831,413958
