3323197736,10300476960162,185624
3323197789,10300478103579,83458
3323197736,10300683911167,297083
3323197789,10300696112873,82000
3323197736,10300924206874,171917
3323197789,10300926649248,94958
3323197736,10301128630879,184917
3323197789,10301133519086,2792083
3323197736,10301338334924,178916
3323197789,10301339099924,65667
3323197789,10301563128926,81500
3323197736,10301562485009,175083
3323197736,10301827777878,191375
3323197789,10301833924086,261625
3323197736,10302140226739,133250
3323197789,10302141955780,1387166
3323197736,10302349034660,136375
3323197789,10302349107202,31959
3323197736,10302564711288,182542
3323197789,10302565404746,64625
3323197736,10302770112251,98083
3323197789,10302770422251,31167
3323197736,10303001212585,187000
3323197789,10303001828251,72708
3323197736,10303204110840,114667
3323197789,10303204475757,36666
3323197736,10303407556054,175166
3323197789,10303410504386,103792
3323197736,10303688086920,188375
3323197789,10303728886871,4667207
3323197736,10303935794876,99542
3323197789,10303936052417,33042
3323197736,10304139052339,236084
3323197789,10304139817006,90375
3323197736,10304379181796,183083
3323197789,10304383056962,157416
3323197736,10304597812715,174750
3323197789,10304599119798,99250
3323197736,10304804670887,192417
3323197789,10304807071594,76708
3323197736,10305015935515,189125
3323197789,10305016132974,67709
3323197736,10305274766386,187917
3323197789,10305274951886,64084
3323197736,10305511505843,106917
3323197789,10305525956507,49000
3323197736,10305784499586,2184250
3323197789,10305792980126,8127332
3323197736,10306022589460,196667
3323197789,10306025570793,360708
3323197736,10306255828210,187542
3323197789,10306259206418,2288666
3323197736,10306460230840,181542
3323197789,10306462356506,113584
3323197736,10306677903968,111334
3323197789,10306679048134,508166
3323197736,10306881090306,1042125
3323197789,10306882280098,225708
3323197736,10307086225228,178542
3323197789,10307086899019,75667
3323197736,10307288117400,96500
3323197789,10307288170108,25916
3323197736,10307489128864,100874
3323197789,10307506991902,351500
3323197736,10307726737196,2580166
3323197789,10307727839946,90750
3323197736,10307929465993,177708
3323197789,10307930500576,73542
3323197736,10308139578747,180583
3323197789,10308140883664,88709
3323197736,10308360099499,826417
3323197789,10308361390166,70875
3323197736,10308628827826,187500
3323197789,10308675520026,39144535
3323197736,10308903055569,254250
3323197789,10308903674652,72750
3323197736,10309105174991,231875
3323197789,10309145231900,39499202
3323197736,10309349091614,71874
3323197789,10309349141239,27083
3323197736,10309550120119,99542
3323197789,10309550176786,28417
3323197736,10309751418333,90666
3323197789,10309751470042,24917
3323197736,10309956323463,179834
3323197789,10309956869047,72958
3323197736,10310158103469,190041
3323197789,10310162125218,76208
3323197736,10310363331265,230083
3323197789,10310363754390,91250
3323197736,10310574097228,195500
3323197789,10310577281269,662292
3323197736,10310780645066,181500
3323197789,10310781174482,64208
3323197736,10310988772945,171666
3323197789,10310999673735,10380373
3323197736,10311212122572,3564916
3323197789,10311227336819,12478498
3323197736,10311447201488,165667
3323197789,10311449099737,68291
3323197736,10311657251867,177375
3323197789,10311658257533,76292
3323197736,10311872356787,178583
3323197789,10311873070495,81041
3323197736,10312076479292,178542
3323197789,10312076602375,68416
3323197736,10312290649587,229958
3323197789,10312295747627,709667
3323197736,10312517613213,132584
3323197789,10312546556541,28442869
3323197736,10312761074627,116000
3323197789,10312763646002,127000
3323197736,10312987935128,131416
3323197789,10312988310962,33958
3323197736,10313195362550,194292
3323197789,10313195458550,58208
3323197736,10313397342972,160291
3323197789,10313397712388,53375
3323197736,10313638090429,185583
3323197789,10313643020261,136917
3323197736,10313847638349,107667
3323197789,10313847695599,27625
3323197736,10314128903091,231708
3323197789,10314129048757,90000
3323197736,10314336814387,92625
3323197789,10314404758666,54017657
3323197736,10314625052168,109959
3323197789,10314625445252,67083
3323197736,10314831066715,116792
3323197789,10314831653048,34791
3323197736,10315063247048,172667
3323197789,10315063913256,100541
3323197736,10315271171636,3758333
3323197789,10315271390386,91749
3323197736,10315475503641,184292
3323197789,10315476399557,66583
3323197736,10315677102980,84500
3323197789,10315677431605,29167
3323197736,10315878471444,160833
3323197789,10315880500985,123417
3323197736,10316081140949,112750
3323197789,10316081827324,363875
3323197736,10316282149538,123459
3323197789,10316282565288,33666
3323197736,10316506272206,306417
3323197789,10316510125914,2728291
3323197736,10316713943127,185375
3323197789,10316714254294,260833
3323197736,10316951862043,184167
3323197789,10316952587376,72916
3323197736,10317174542670,199125
3323197789,10317176838336,115167
3323197736,10317428247666,120500
3323197789,10317431720624,2746666
3323197736,10317650448709,102917
3323197789,10317655365792,4325374
3323197736,10317883871751,3259791
3323197789,10317884282293,65833
3323197736,10318126663207,99833
3323197789,10318127674874,36834
3323197736,10318336552920,177500
3323197789,10318339377211,111291
3323197736,10318541834133,185667
3323197789,10318541945341,59083
3323197736,10318779325716,31696828
3323197789,10318779695590,124958
3323197736,10318987254637,172333
3323197789,10318987363845,61041
3323197736,10319188213142,171458
3323197789,10319188367767,54125
3323197736,10319389303273,215250
3323197789,10319389474148,65333
3323197736,10319590224195,184334
3323197789,10319590328862,55124
3323197736,10319793739159,196333
3323197789,10319793850242,55292
3323197736,10320050783696,183792
3323197789,10320052024446,84750
3323197736,10320256256617,207999
3323197789,10320256365284,62000
3323197736,10320504535906,207125
3323197789,10320504652323,56000
3323197736,10320733433449,182500
3323197789,10320733540032,56917
3323197736,10320940443703,620709
3323197789,10320952493784,116541
3323197736,10321159441081,121250
3323197789,10321159823539,38208
3323197736,10321361040336,197792
3323197789,10321362044086,92709
3323197736,10321583624505,179750
3323197789,10321583833005,84792
3323197736,10321784126385,102042
3323197789,10321808429798,23960246
3323197736,10322072259334,308542
3323197789,10322072444875,63166
3323197736,10322295513960,602250
3323197789,10322302022668,154958
3323197736,10322593429990,399209
3323197789,10322600578197,5641916
3323197736,10322845355070,184958
3323197789,10322847378361,121917
3323197736,10323051444742,222167
3323197789,10323052700825,86208
3323197736,10323315296569,187208
3323197789,10323316611902,416250
3323197736,10323573065856,232917
3323197789,10323574180981,118500
3323197736,10323777806861,193042
3323197789,10323778363486,68000
3323197736,10324038398606,8632874
3323197789,10324040426356,134458
3323197736,10324260922608,669208
3323197789,10324268601023,860708
3323197736,10324485485776,181792
3323197789,10324485680318,62792
3323197736,10324686231657,176875
3323197789,10324686838532,66625
3323197736,10324917213907,618000
3323197789,10324921395823,68833
3323197736,10325126414786,172500
3323197789,10325126525536,59792
3323197736,10325447644604,412916
3323197789,10325447967187,33750
3323197736,10325650397776,1003000
3323197789,10325650655776,203750
3323197789,10325927224435,100375
3323197736,10325925927185,176917
3323197736,10326167677558,176750
3323197789,10326173205015,164125
3323197736,10326391993601,135209
3323197789,10326395517309,3471750
3323197736,10326609898354,775250
3323197789,10326632193183,826584
3323197736,10326864222767,268000
3323197789,10326864906141,61041
3323197736,10327069676646,179583
3323197789,10327069733646,26916
3323197736,10327276723901,194458
3323197789,10327277375484,67666
3323197736,10327525165815,1042624
3323197789,10327526474856,751125
3323197736,10327732693944,189459
3323197789,10327736973819,3676207
3323197736,10327937268074,155875
3323197789,10327938702241,1403499
3323197736,10328156783785,224375
3323197789,10328258413017,79794402
3323197736,10328461129522,104083
3323197789,10328461224855,28916
3323197736,10328756492594,695750
3323197789,10328757046177,159167
3323197736,10328978903013,191083
3323197789,10328979269804,85208
3323197736,10329189545017,405917
3323197789,10329206333014,142458
3323197736,10329413160726,2750374
3323197789,10329417486476,126875
3323197736,10329713969881,209375
3323197789,10329719535588,1265791
3323197736,10329955866629,185917
3323197789,10329956648546,84000
3323197736,10330162782509,3842499
3323197789,10330163507300,97917
3323197736,10330388606385,18167997
3323197789,10330390455760,472584
3323197736,10330602507263,195875
3323197789,10330603565638,145916
3323197736,10330930995788,185125
3323197789,10330932062038,138292
3323197736,10331194355741,179000
3323197789,10331195993490,105625
3323197736,10331412464993,10941998
3323197789,10331413332993,102500
3323197736,10331679890904,187458
3323197789,10331691690651,2389999
3323197736,10331931106609,227958
3323197789,10331931252150,61542
3323197736,10332134086781,187250
3323197789,10332134768614,74792
3323197736,10332337479202,111667
3323197789,10332337584036,34209
3323197736,10332598492489,229334
3323197789,10332601361030,601833
3323197736,10332847767444,186584
3323197789,10332849165861,105833
3323197736,10333068604696,13327997
3323197789,10333069504155,446541
3323197736,10333338039190,199792
3323197789,10333342344022,144667
3323197736,10333579542646,750458
3323197789,10333580380813,84334
3323197736,10333957716120,186125
3323197789,10333959749912,1169999
3323197736,10334191480787,380291
3323197789,10334192075995,89708
3323197736,10334429256619,1141917
3323197789,10334430483661,140958
3323197736,10334679229574,941125
3323197789,10334679967824,93834
3323197736,10334938577903,186500
3323197789,10334946806693,631542
3323197736,10335149126240,104833
3323197789,10335149508573,31958
3323197736,10335363053869,943750
3323197789,10335364266202,65833
3323197736,10335614369115,496541
3323197789,10335615949407,142375
3323197736,10335817620454,194292
3323197789,10335818479120,86583
3323197736,10336084544614,4935375
3323197789,10336101243820,161000
3323197736,10336310662699,201375
3323197789,10336322600947,418666
3323197736,10336523239161,180375
3323197789,10336524765869,980083
3323197736,10336730280123,196458
3323197789,10336736130789,156000
3323197736,10336941247461,203417
3323197789,10336946390626,5093749
3323197736,10337147607965,112541
3323197789,10337147727382,87166
3323197736,10337352121345,97916
3323197789,10337352182970,32666
3323197736,10337596056635,1181666
3323197789,10337637470003,40280285
3323197736,10337879200418,739167
3323197789,10337880293251,113042
3323197736,10338112595667,102667
3323197789,10338113360667,323708
3323197736,10338376035787,189667
3323197789,10338377049995,425750
3323197736,10338579850917,192250
3323197789,10338580483834,574875
3323197736,10338863807491,2294791
3323197789,10338877377697,9486999
3323197736,10339123111153,767333
3323197789,10339127140194,108875
3323197736,10339328217408,176375
3323197789,10339329548574,407250
3323197736,10339530128038,102791
3323197789,10339530195497,38084
3323197736,10339796277324,172417
3323197789,10339797623574,538541
3323197736,10340018376576,11477123
3323197789,10340019808409,301083
3323197736,10340375045637,604833
3323197789,10340376158803,117667
3323197736,10340592393015,202500
3323197789,10340611024595,15165372
3323197736,10340941120952,100833
3323197789,10340941633869,53625
3323197736,10341163699954,759750
3323197789,10341167926328,154208
3323197736,10341439713696,104917
3323197789,10341439811738,35042
3323197736,10341684601361,1647083
3323197789,10341689302151,1264917
3323197736,10341893423407,499875
3323197789,10341894789490,281375
3323197736,10342097155120,130416
3323197789,10342097297995,72917
3323197736,10342300066209,1955958
3323197789,10342300948000,787208
3323197736,10342510066245,4230082
3323197789,10342511413995,60917
3323197736,10342712123199,96583
3323197789,10342714256907,195583
3323197736,10342984117803,187208
3323197789,10342984675261,65084
3323197736,10343236425453,180333
3323197789,10343237024162,89583
3323197736,10343502087809,231000
3323197789,10343510466557,2920749
3323197736,10343746622086,191708
3323197789,10343746798836,64542
3323197736,10343978087866,194541
3323197789,10343983814615,5614624
3323197736,10344268446466,452833
3323197789,10344269295091,183750
3323197736,10344505384162,981125
3323197789,10344510242536,127167
3323197736,10344723654195,151792
3323197789,10344723729070,41041
3323197736,10344980242761,176458
3323197789,10344982037136,161833
3323197736,10345189411130,113583
3323197789,10345190117213,371083
3323197736,10345391132750,789833
3323197789,10345396264832,956041
3323197736,10345650593191,175166
3323197789,10345653743523,134042
3323197736,10345965118744,102333
3323197789,10345966470577,473750
3323197736,10346193647816,8159582
3323197789,10346193807483,97209
3323197736,10346395633020,182959
3323197789,10346395746811,62500
3323197736,10346596241515,192125
3323197789,10346596361849,61375
3323197736,10346845678583,178209
3323197789,10346851704665,1634916
3323197736,10347075374739,175292
3323197789,10347076541613,517041
3323197736,10347283849149,2409041
3323197789,10347284542857,61750
3323197736,10347574834499,170333
3323197789,10347576909707,118417
3323197736,10347851113852,414083
3323197789,10347851846602,37333
3323197736,10348094399630,204791
3323197789,10348106026085,139709
3323197736,10348336201407,200375
3323197789,10348337237824,196541
3323197736,10348565215063,226416
3323197789,10348565926230,71417
3323197736,10348804415633,183833
3323197789,10348817028964,135375
3323197736,10349080572361,1594291
3323197789,10349106763314,5224207
3323197736,10349332698970,754291
3323197789,10349336707678,128541
3323197736,10349601394117,216000
3323197789,10349606603657,386875
3323197736,10349822383233,366041
3323197789,10349822854066,58625
3323197736,10350025482394,190875
3323197789,10350030141018,107834
3323197736,10350231724430,549749
3323197789,10350245891469,132417
3323197736,10350479509248,222833
3323197789,10350480530207,95416
3323197736,10350764266891,200042
3323197789,10350764624683,39292
3323197736,10351021983874,205792
3323197789,10351022183041,65291
3323197736,10351232617117,173958
3323197789,10351233266700,76000
3323197736,10351446041193,219042
3323197789,10351446201110,67374
3323197736,10351652221146,526042
3323197789,10351653048937,105625
3323197736,10351884168968,473209
3323197789,10351884475259,65500
3323197736,10352106286208,174958
3323197789,10352107698375,76792
3323197736,10352347965903,166833
3323197789,10352357957692,129958
3323197736,10352611272551,169125
3323197789,10352615020175,1769875
3323197736,10352820134836,105583
3323197789,10352820200294,34917
3323197736,10353024119872,101083
3323197789,10353024464664,30333
3323197736,10353238295407,155292
3323197789,10353239227073,72458
3323197736,10353469511312,200666
3323197789,10353471067853,109916
3323197736,10353720761754,172999
3323197789,10353722147004,110208
3323197736,10353969250197,9540623
3323197789,10353969530072,104375
3323197736,10354204327310,181125
3323197789,10354205364685,511708
3323197736,10354418693136,180500
3323197789,10354419347969,66959
3323197736,10354639053252,192375
3323197789,10354640214501,87917
3323197736,10354909538606,199875
3323197789,10354911155939,112000
3323197736,10355154578175,112292
3323197789,10355154686467,30292
3323197736,10355370961792,11779622
3323197789,10355371419500,310958
3323197736,10355621535193,391416
3323197789,10355624366400,112125
3323197736,10355864155970,113375
3323197789,10355892214506,27526078
3323197736,10356100230041,3335999
3323197789,10356101542541,95750
3323197736,10356306089785,4055541
3323197789,10356306211869,52291
3323197736,10356531819025,387625
3323197789,10356532724858,92584
3323197736,10356756468765,180167
3323197789,10356756820474,76458
3323197736,10356957217011,175750
3323197789,10356958538927,94958
3323197736,10357161801672,99750
3323197789,10357162553380,36834
3323197736,10357372166666,103250
3323197789,10357372700166,154292
3323197736,10357587399075,170417
3323197789,10357588123158,74917
3323197736,10357789574320,177875
3323197789,10357790966944,75584
3323197736,10358076184171,696500
3323197789,10358080324420,134208
3323197736,10358290236080,179916
3323197789,10358292081329,701458
3323197736,10358622421629,189208
3323197789,10358623169670,80458
3323197736,10358849264410,98875
3323197789,10358849888618,286833
3323197736,10359081899981,186167
3323197789,10359083863564,545583
3323197736,10359323859092,177666
3323197789,10359325218634,88042
3323197736,10359627483189,214500
3323197789,10359635686104,161333
3323197736,10359838113558,94709
3323197789,10359838213683,29541
3323197736,10360096698832,171875
3323197789,10360098023831,413958